-1.00000000000e-03 -4.99999958333e-01
-9.75000000000e-04 -4.99999960391e-01
-9.50000000000e-04 -4.99999962396e-01
-9.25000000000e-04 -4.99999964349e-01
-9.00000000000e-04 -4.99999966250e-01
-8.75000000000e-04 -4.99999968099e-01
-8.50000000000e-04 -4.99999969896e-01
-8.25000000000e-04 -4.99999971641e-01
-8.00000000000e-04 -4.99999973333e-01
-7.75000000000e-04 -4.99999974974e-01
-7.50000000000e-04 -4.99999976563e-01
-7.25000000000e-04 -4.99999978099e-01
-7.00000000000e-04 -4.99999979583e-01
-6.75000000000e-04 -4.99999981016e-01
-6.50000000000e-04 -4.99999982396e-01
-6.25000000000e-04 -4.99999983724e-01
-6.00000000000e-04 -4.99999985000e-01
-5.75000000000e-04 -4.99999986224e-01
-5.50000000000e-04 -4.99999987396e-01
-5.25000000000e-04 -4.99999988516e-01
-5.00000000000e-04 -4.99999989583e-01
-4.75000000000e-04 -4.99999990599e-01
-4.50000000000e-04 -4.99999991563e-01
-4.25000000000e-04 -4.99999992474e-01
-4.00000000000e-04 -4.99999993333e-01
-3.75000000000e-04 -4.99999994141e-01
-3.50000000000e-04 -4.99999994896e-01
-3.25000000000e-04 -4.99999995599e-01
-3.00000000000e-04 -4.99999996250e-01
-2.75000000000e-04 -4.99999996849e-01
-2.50000000000e-04 -4.99999997396e-01
-2.25000000000e-04 -4.99999997891e-01
-2.00000000000e-04 -4.99999998333e-01
-1.75000000000e-04 -4.99999998724e-01
-1.50000000000e-04 -4.99999999062e-01
-1.25000000000e-04 -4.99999999349e-01
-1.00000000000e-04 -4.99999999583e-01
-7.50000000000e-05 -4.99999999766e-01
-5.00000000000e-05 -4.99999999896e-01
-2.50000000000e-05 -4.99999999974e-01
-7.11507675694e-19 -5.00000000000e-01
2.50000000000e-05 -4.99999999974e-01
5.00000000000e-05 -4.99999999896e-01
7.50000000000e-05 -4.99999999766e-01
1.00000000000e-04 -4.99999999583e-01
1.25000000000e-04 -4.99999999349e-01
1.50000000000e-04 -4.99999999062e-01
1.75000000000e-04 -4.99999998724e-01
2.00000000000e-04 -4.99999998333e-01
2.25000000000e-04 -4.99999997891e-01
2.50000000000e-04 -4.99999997396e-01
2.75000000000e-04 -4.99999996849e-01
3.00000000000e-04 -4.99999996250e-01
3.25000000000e-04 -4.99999995599e-01
3.50000000000e-04 -4.99999994896e-01
3.75000000000e-04 -4.99999994141e-01
4.00000000000e-04 -4.99999993333e-01
4.25000000000e-04 -4.99999992474e-01
4.50000000000e-04 -4.99999991563e-01
4.75000000000e-04 -4.99999990599e-01
5.00000000000e-04 -4.99999989583e-01
5.25000000000e-04 -4.99999988516e-01
5.50000000000e-04 -4.99999987396e-01
5.75000000000e-04 -4.99999986224e-01
6.00000000000e-04 -4.99999985000e-01
6.25000000000e-04 -4.99999983724e-01
6.50000000000e-04 -4.99999982396e-01
6.75000000000e-04 -4.99999981016e-01
7.00000000000e-04 -4.99999979583e-01
7.25000000000e-04 -4.99999978099e-01
7.50000000000e-04 -4.99999976563e-01
7.75000000000e-04 -4.99999974974e-01
8.00000000000e-04 -4.99999973333e-01
8.25000000000e-04 -4.99999971641e-01
8.50000000000e-04 -4.99999969896e-01
8.75000000000e-04 -4.99999968099e-01
9.00000000000e-04 -4.99999966250e-01
9.25000000000e-04 -4.99999964349e-01
9.50000000000e-04 -4.99999962396e-01
9.75000000000e-04 -4.99999960391e-01
1.00000000000e-03 -4.99999958333e-01
